0
1
1
2
3
5
8
13
21
34
55
89
144
233
377
610
987
1597
2584
4181
6765
10946
17711
28657
46368
75025
121393
196418
317811
514229
832040
1346269
2178309
3524578
5702887
9227465
14930352
24157817
39088169
63245986
102334155
165580141
267914296
433494437
701408733
1134903170
1836311903
2971215073
512559680
3483774753
3996334433
3185141890
2886509027
1776683621
368225352
2144908973
2513134325
363076002
2876210327
3239286329
1820529360
764848393
2585377753
3350226146
1640636603
695895453
2336532056
3032427509
1073992269
4106419778
885444751
696897233
1582341984
2279239217
3861581201
1845853122
1412467027
3258320149
375819880
3634140029
4009959909
3349132642
3064125255
2118290601
887448560
3005739161
3893187721
2603959586
2202180011
511172301
2713352312
3224524613
1642909629
572466946
2215376575
2787843521
708252800
3496096321
4204349121
3405478146
3314859971
2425370821
1445263496
3870634317
1020930517
596597538
1617528055
2214125593
3831653648
1750811945
1287498297
3038310242
30841243
3069151485
3099992728
1874176917
679202349
2553379266
3232581615
1490993585
428607904
1919601489
2348209393
4267810882
2321052979
2293896565
319982248
2613878813
2933861061
1252772578
4186633639
1144438921
1036105264
2180544185
3216649449
1102226338
23908491
1126134829
1150043320
2276178149
3426221469
1407432322
538686495
1946118817
2484805312
135956833
2620762145
2756718978
1082513827
3839232805
626779336
171044845
797824181
968869026
1766693207
2735562233
207288144
2942850377
3150138521
1798021602
653192827
2451214429
3104407256
1260654389
70094349
1330748738
1400843087
2731591825
4132434912
2569059441
2406527057
680619202
3087146259
3767765461
2559944424
2032742589
297719717
2330462306
2628182023
663677033
3291859056
3955536089
2952427849
2612996642
1270457195
3883453837
858943736
447430277
1306374013
1753804290
3060178303
519015297
3579193600
4098208897
3382435201
3185676802
2273144707
1163854213
3436998920
305885837
3742884757
4048770594
3496688055
3250491353
2452212112
1407736169
3859948281
972717154
537698139
1510415293
2048113432
3558528725
1311674861
575236290
1886911151
2462147441
54091296
2516238737
2570330033
791601474
3361931507
4153532981
3220497192
3079062877
2004592773
788688354
2793281127
3581969481
2080283312
1367285497
3447568809
519887010
3967455819
192375533
4159831352
57239589
4217070941
4274310530
4196414175
4175757409
4077204288
3957994401
3740231393
3403258498
2848522595
1956813797
510369096
2467182893
2977551989
1149767586
4127319575
982119865
814472144
1796592009
2611064153
112688866
2723753019
2836441885
1265227608
4101669493
1071929805
878632002
1950561807
2829193809
484788320
3313982129
3798770449
2817785282
2321588435
844406421
3165994856
4010401277
2881428837
2596862818
1183324359
3780187177
668544240
153764121
822308361
976072482
1798380843
2774453325
277866872
3052320197
3330187069
2087539970
1122759743
3210299713
38092160
3248391873
3286484033
2239908610
1231425347
3471333957
407792008
3879125965
4286917973
3871076642
3863027319
3439136665
3007196688
2151366057
863595449
3014961506
3878556955
2598551165
2182140824
485724693
2667865517
3153590210
1526488431
385111345
1911599776
2296711121
4208310897
2210054722
2123398323
38485749
2161884072
2200369821
67286597
2267656418
2334943015
307632137
2642575152
2950207289
1297815145
4248022434
1250870283
1203925421
2454795704
3658721125
1818549533
1182303362
3000852895
4183156257
2889041856
2777230817
1371305377
4148536194
1224874275
1078443173
2303317448
3381760621
1390110773
476904098
1867014871
2343918969
4210933840
2259885513
2175852057
140770274
2316622331
2457392605
479047640
2936440245
3415487885
2056960834
1177481423
3234442257
116956384
3351398641
3468355025
2524786370
1698174099
4222960469
1626167272
1554160445
3180327717
439520866
3619848583
4059369449
3384250736
3148652889
2237936329
1091621922
3329558251
126212877
3455771128
3581984005
2742787837
2029804546
477625087
2507429633
2985054720
1197517057
4182571777
1085121538
972726019
2057847557
3030573576
793453837
3824027413
322513954
4146541367
174088025
25662096
199750121
225412217
425162338
650574555
1075736893
1726311448
2802048341
233392493
3035440834
3268833327
2009306865
983172896
2992479761
3975652657
2673165122
2353850483
732048309
3085898792
3817947101
2608878597
2131858402
445769703
2577628105
3023397808
1306058617
34489129
1340547746
1375036875
2715584621
4090621496
2511238821
2306893021
523164546
2830057567
3353222113
1888312384
946567201
2834879585
3781446786
2321359075
1807838565
4129197640
1642068909
1476299253
3118368162
299700119
3418068281
3717768400
2840869385
2263670489
809572578
3073243067
3882815645
2661091416
2248939765
615063885
2864003650
3479067535
2048103889
1232204128
3280308017
217544849
3497852866
3715397715
2918283285
2338713704
962029693
3300743397
4262773090
3268549191
3236354985
2209936880
1151324569
3361261449
217618722
3578880171
3796498893
3080411768
2581943365
1367387837
3949331202
1021751743
676115649
1697867392
2373983041
4071850433
2150866178
1927749315
4078615493
1711397512
1495045709
3206443221
406521634
3612964855
4019486489
3337484048
3062003241
2104519993
871555938
2976075931
3847631869
2528740504
2081405077
315178285
2396583362
2711761647
813377713
3525139360
43549777
3568689137
3612238914
2885960755
2203232373
794225832
2997458205
3791684037
2494174946
1990891687
190099337
2180991024
2371090361
257114089
2628204450
2885318539
1218555693
4103874232
1027462629
836369565
1863832194
2700201759
269066657
2969268416
3238335073
1912636193
856003970
2768640163
3624644133
2098317000
1427993837
3526310837
659337378
4185648215
550018297
440699216
990717513
1431416729
2422134242
3853550971
1980717917
1539301592
3520019509
764353805
4284373314
753759823
743165841
1496925664
2240091505
3737017169
1682141378
1124191251
2806332629
3930523880
2441889213
2077445797
224367714
2301813511
2526181225
533027440
3059208665
3592236105
2356477474
1653746283
4010223757
1369002744
1084259205
2453261949
3537521154
1695815807
938369665
2634185472
3572555137
1911773313
1189361154
3101134467
4290495621
3096662792
3092191117
1893886613
691110434
2584997047
3276107481
1566137232
547277417
2113414649
2660692066
479139419
3139831485
3618970904
2463835093
1787838701
4251673794
1744545199
1701251697
3445796896
852081297
2910897
854992194
857903091
1712895285
2570798376
4283693661
2559524741
2548251106
812808551
3361059657
4173868208
3239960569
3118861481
2063854754
887748939
2951603693
3839352632
2495989029
2040374365
241396098
2281770463
2523166561
509969728
3033136289
3543106017
2281275010
1529413731
3810688741
1045135176
560856621
1605991797
2166848418
3772840215
1644721337
1122594256
2767315593
3889909849
2362258146
1957200699
24491549
1981692248
2006183797
3987876045
1699092546
1392001295
3091093841
188127840
3279221681
3467349521
2451603906
1623986131
4075590037
1404608872
1185231613
2589840485
3775072098
2069945287
1550050089
3619995376
875078169
200106249
1075184418
1275290667
2350475085
3625765752
1681273541
1012071997
2693345538
3705417535
2103795777
1514246016
3618041793
837320513
160395010
997715523
1158110533
2155826056
3313936589
1174795349
193764642
1368559991
1562324633
2930884624
198241961
3129126585
3327368546
2161527835
1193929085
3355456920
254418709
3609875629
3864294338
3179202671
2748529713
1632765088
86327505
1719092593
1805420098
3524512691
1034965493
264510888
1299476381
1563987269
2863463650
132483623
2995947273
3128430896
1829410873
662874473
2492285346
3155159819
1352477869
212670392
1565148261
1777818653
3342966914
825818271
4168785185
699636160
573454049
1273090209
1846544258
3119634467
671211429
3790845896
167090029
3957935925
4125025954
3787994583
3618053241
3111080528
2434166473
1250279705
3684446178
639758587
29237469
668996056
698233525
1367229581
2065463106
3432692687
1203188497
340913888
1544102385
1885016273
3429118658
1019167635
153318997
1172486632
1325805629
2498292261
3824097890
2027422855
1556553449
3583976304
845562457
134571465
980133922
1114705387
2094839309
3209544696
1009416709
4218961405
933410818
857404927
1790815745
2648220672
144069121
2792289793
2936358914
1433681411
75073029
1508754440
1583827469
3092581909
381442082
3474023991
3855466073
3034522768
2595021545
1334577017
3929598562
969208283
603839549
1573047832
2176887381
3749935213
1631855298
1086823215
2718678513
3805501728
2229212945
1739747377
3968960322
1413740403
1087733429
2501473832
3589207261
1795713797
1089953762
2885667559
3975621321
2566321584
2246975609
518329897
2765305506
3283635403
1753973613
742641720
2496615333
3239257053
1440905090
385194847
1826099937
2211294784
4037394721
1953722209
1696149634
3649871843
1051054181
405958728
1457012909
1862971637
3319984546
887988887
4207973433
800995024
714001161
1514996185
2228997346
3743993531
1678023581
1127049816
2805073397
3932123213
2442229314
2079385231
226647249
2306032480
2532679729
543744913
3076424642
3620169555
2401626901
1726829160
4128456061
1560317925
1393806690
2954124615
52964009
3007088624
3060052633
1772173961
537259298
2309433259
2846692557
861158520
3707851077
274042301
3981893378
4255935679
3942861761
3903830144
3551724609
3160587457
2417344770
1282964931
3700309701
688307336
93649741
781957077
875606818
1657563895
2533170713
4190734608
2428938025
2324705337
458676066
2783381403
3242057469
1730471576
677561749
2408033325
3085595074
1198661103
4284256177
1187949984
1177238865
2365188849
3542427714
1612649267
860109685
2472758952
3332868637
1510660293
548561634
2059221927
2607783561
372038192
2979821753
3351859945
2036714402
1093607051
3130321453
4223928504
3059282661
2988243869
1752559234
445835807
2198395041
2644230848
547658593
3191889441
3739548034
2636470179
2081050917
422553800
2503604717
2926158517
1134795938
4060954455
900783097
666770256
1567553353
2234323609
3801876962
1741233275
1248142941
2989376216
4237519157
2931928077
2874479938
1511440719
90953361
1602394080
1693347441
3295741521
694121666
3989863187
389017557
83913448
472931005
556844453
1029775458
1586619911
2616395369
4203015280
2524443353
2432491337
661967394
3094458731
3756426125
2555917560
2017376389
278326653
2295703042
2574029695
574765441
3148795136
3723560577
2577388417
2005981698
288402819
2294384517
2582787336
582204557
3164991893
3747196450
2617221047
2069450201
391703952
2461154153
2852858105
1019044962
3871903067
595980733
172916504
768897237
941813741
1710710978
2652524719
68268401
2720793120
2789061521
1214887345
4003948866
923868915
632850485
1556719400
2189569885
3746289285
1640891874
1092213863
2733105737
3825319600
2263458041
1793810345
4057268386
1556111435
1318412525
2874523960
4192936485
2772493149
2670462338
1147988191
3818450529
671471424
194954657
866426081
1061380738
1927806819
2989187557
622027080
3611214637
4233241717
3549489058
3487763479
2742285241
1935081424
382399369
2317480793
2699880162
722393659
3422273821
4144667480
3271974005
3121674189
2098680898
925387791
3024068689
3949456480
2678557873
2333047057
716637634
3049684691
3766322325
2521039720
1992394749
218467173
2210861922
2429329095
345223721
2774552816
3119776537
1599362057
424171298
2023533355
2447704653
176270712
2623975365
2800246077
1129254146
3929500223
763787073
398320000
1162107073
1560427073
2722534146
4282961219
2710528069
2698521992
1114082765
3812604757
631720226
149357687
781077913
930435600
1711513513
2641949113
58495330
2700444443
2758939773
1164416920
3923356693
792806317
421195714
1214002031
1635197745
2849199776
189430225
3038630001
3228060226
1971722931
904815861
2876538792
3781354653
2362926149
1849313506
4212239655
1766585865
1683858224
3450444089
839335017
4289779106
834146827
828958637
1663105464
2492064101
4155169565
2352266370
2212468639
269767713
2482236352
2752004065
939273121
3691277186
335583011
4026860197
67475912
4094336109
4161812021
3961180834
3828025559
3494239097
3027297360
2226569161
958899225
3185468386
4144367611
3034868701
2884269016
1624170421
213472141
1837642562
2051114703
3888757265
1644904672
1238694641
2883599313
4122293954
2710925971
2538252629
954211304
3492463933
151707941
3644171874
3795879815
3145084393
2645996912
1496114009
4142110921
1343257634
1190401259
2533658893
3724060152
1962751749
1391844605
3354596354
451473663
3806070017
4257543680
3768646401
3731222785
3204901890
2641157379
1551091973
4192249352
1448374029
1345656085
2794030114
4139686199
2638749017
2483467920
827249641
3310717561
4137967202
3153717467
2996717373
1855467544
557217621
2412685165
2969902786
1087620655
4057523441
850176800
612732945
1462909745
2075642690
3538552435
1319227829
562812968
1882040797
2444853765
31927266
2476781031
2508708297
690522032
3199230329
3889752361
2794015394
2388800459
887848557
3276649016
4164497573
3146179293
3015709570
1866921567
587663841
2454585408
3042249249
1201867361
4244116610
1151016675
1100165989
2251182664
3351348653
1307564021
363945378
1671509399
2035454777
3706964176
1447451657
859448537
2306900194
3166348731
1178281629
49663064
1227944693
1277607757
2505552450
3783160207
1993745361
1481938272
3475683633
662654609
4138338242
506025555
349396501
855422056
1204818557
2060240613
3265059170
1030332487
424361
1030756848
1031181209
2061938057
3093119266
860090027
3953209293
518332024
176574021
694906045
871480066
1566386111
2437866177
4004252288
2147151169
1856436161
4003587330
1565056195
1273676229
2838732424
4112408653
2656173781
2473615138
834821623
3308436761
4143258384
3156727849
3005018937
1866779490
576831131
2443610621
3020441752
1169085077
4189526829
1063644610
958204143
2021848753
2980052896
706934353
3686987249
98954306
3785941555
3884895861
3375870120
2965798685
2046701509
717532898
2764234407
3481767305
1951034416
1137834425
3088868841
4226703266
3020604811
2952340781
1677978296
335351781
2013330077
2348681858
67044639
2415726497
2482771136
603530337
3086301473
3689831810
2481165987
1876030501
62229192
1938259693
2000488885
3938748578
1644270167
1288051449
2932321616
4220373065
2857727385
2783133154
1345893243
4129026397
1179952344
1014011445
2193963789
3207975234
1106971727
19979665
1126951392
1146931057
2273882449
3420813506
1399728659
525574869
1925303528
2450878397
81214629
2532093026
2613307655
850433385
3463741040
19207129
3482948169
3502155298
2690136171
1897324173
292493048
2189817221
2482310269
377160194
2859470463
3236630657
1801133824
742797185
2543931009
3286728194
1535691907
527452805
2063144712
2590597517
358774933
2949372450
3308147383
1962552537
975732624
2938285161
3914017785
2557335650
2176386139
438754493
2615140632
3053895125
1374068461
132996290
1507064751
1640061041
3147125792
492219537
3639345329
4131564866
3475942899
3312540469
2493516072
1511089245
4004605317
1220727266
930365287
2151092553
3081457840
937583097
4019040937
661656738
385730379
1047387117
1433117496
2480504613
3913622109
2099159426
1717814239
3816973665
1239820608
761826977
2001647585
2763474562
470154851
3233629413
3703784264
2642446381
2051263349
398742434
2450005783
2848748217
1003786704
3852534921
561354329
118921954
680276283
799198237
1479474520
2278672757
3758147277
1741852738
1205032719
2946885457
4151918176
2803836337
2660787217
1169656258
3830443475
705132437
240608616
945741053
1186349669
2132090722
3318440391
1155563817
179036912
1334600729
1513637641
2848238370
66908715
2915147085
2982055800
1602235589
289324093
1891559682
2180883775
4072443457
1958359936
1735836097
3694196033
1135064834
534293571
1669358405
2203651976
3873010381
1781695061
1359738146
3141433207
206204057
3347637264
3553841321
2606511289
1865385314
176929307
2042314621
2219243928
4261558549
2185835181
2152426434
43294319
2195720753
2239015072
139768529
2378783601
2518552130
602368435
3120920565
3723289000
2549242269
1977563973
231838946
2209402919
2441241865
355677488
2796919353
3152596841
1654548898
512178443
2166727341
2678905784
550665829
3229571613
3780237442
2714841759
2200111905
619986368
2820098273
3440084641
1965215618
1110332963
3075548581
4185881544
2966462829
2857377077
1528872610
91282391
1620155001
1711437392
3331592393
748062489
4079654882
532750075
317437661
850187736
1167625397
2017813133
3185438530
908284367
4093722897
707039968
505795569
1212835537
1718631106
2931466643
355130453
3286597096
3641727549
2633357349
1980117602
318507655
2298625257
2617132912
620790873
3237923785
3858714658
2801671147
2365418509
872122360
3237540869
4109663229
3052236802
2866932735
1624202241
196167680
1820369921
2016537601
3836907522
1558477827
1100418053
2658895880
3759313933
2123242517
1587589154
3710831671
1003453529
419317904
1422771433
1842089337
3264860770
811982811
4076843581
593859096
375735381
969594477
1345329858
2314924335
3660254193
1680211232
1045498129
2725709361
3771207490
2201949555
1678189749
3880139304
1263361757
848533765
2111895522
2960429287
777357513
3737786800
220177017
3957963817
4178140834
3841137355
3724310893
3270480952
2699824549
1675338205
80195458
1755533663
1835729121
3591262784
1132024609
428320097
1560344706
1988664803
3549009509
1242707016
496749229
1739456245
2236205474
3975661719
1916899897
1597594320
3514494217
817121241
36648162
853769403
890417565
1744186968
2634604533
83824205
2718428738
2802252943
1225714385
4027967328
958714417
691714449
1650428866
2342143315
3992572181
2039748200
1737353085
3777101285
1219487074
701621063
1921108137
2622729200
248870041
2871599241
3120469282
1697101227
522603213
2219704440
2742307653
667044797
3409352450
4076397247
3190782401
2972212352
1868027457
545272513
2413299970
2958572483
1076905157
4035477640
817415501
557925845
1375341346
1933267191
3308608537
946908432
4255516969
907458105
868007778
1775465883
2643473661
123972248
2767445909
2891418157
1363896770
4255314927
1324244401
1284592032
2608836433
3893428465
2207297602
1805758771
4013056373
1523847848
1241936925
2765784773
4007721698
2478539175
2191293577
374865456
2566159033
2941024489
1212216226
4153240715
1070489645
928763064
1999252709
2928015773
632301186
3560316959
4192618145
3457967808
3355618657
2518619169
1579270530
4097889699
1382192933
1185115336
2567308269
3752423605
2024764578
1482220887
3506985465
694239056
4201224521
600496281
506753506
1107249787
1614003293
2721253080
40289077
2761542157
2801831234
1268406095
4070237329
1043676128
818946161
1862622289
2681568450
249223443
2930791893
3180015336
1815839933
700887973
2516727906
3217615879
1439376489
362025072
1801401561
2163426633
3964828194
1833287531
1503148429
3336435960
544617093
3881053053
130702850
4011755903
4142458753
3859247360
3706738817
3271018881
2682790402
1658841987
46665093
1705507080
1752172173
3457679253
914884130
77596087
992480217
1070076304
2062556521
3132632825
900222050
4032854875
638109629
375997208
1014106837
1390104045
2404210882
3794314927
1903558513
1402906144
3306464657
414403505
3720868162
4135271667
3561172533
3401476904
2667682141
1774191749
146906594
1921098343
2068004937
3989103280
1762140921
1456276905
3218417826
379727435
3598145261
3977872696
3281050661
2963956061
1950039426
619028191
2569067617
3188095808
1462196129
355324641
1817520770
2172845411
3990366181
1868244296
1563643181
3431887477
700563362
4132450839
538046905
375530448
913577353
1289107801
2202685154
3491792955
1399510813
596336472
1995847285
2592183757
293063746
2885247503
3178311249
1768591456
651935409
2420526865
3072462274
1198021843
4270484117
1173538664
1149055485
2322594149
3471649634
1499276487
675958825
2175235312
2851194137
731462153
3582656290
19151147
3601807437
3620958584
2927798725
2253790013
886621442
3140411455
4027032897
2872477056
2604542657
1182052417
3786595074
673680195
165307973
838988168
1004296141
1843284309
2847580450
395897463
3243477913
3639375376
2587885993
1932294073
225212770
2157506843
2382719613
245259160
2627978773
2873237933
1206249410
4079487343
990769457
775289504
1766058961
2541348465
12440130
2553788595
2566228725
825050024
3391278749
4216328773
3312640226
3234001703
2251674633
1190709040
3442383673
338125417
3780509090
4118634507
3604176301
3427843512
2737052517
1869928733
312013954
2181942687
2493956641
380932032
2874888673
3255820705
1835742082
796595491
2632337573
3428933064
1766303341
900269109
2666572450
3566841559
1938446713
1210320976
3148767689
64121369
3212889058
3277010427
2194932189
1176975320
3371907509
253915533
3625823042
3879738575
3210594321
2795365600
1710992625
211390929
1922383554
2133774483
4056158037
1894965224
1656155965
3551121189
912309858
168463751
1080773609
1249237360
2330010969
3579248329
1614292002
898573035
2512865037
3411438072
1629335813
745806589
2375142402
3120948991
1201124097
27105792
1228229889
1255335681
2483565570
3738901251
1927499525
1371433480
3298933005
375399189
3674332194
4049731383
3429096281
3183860368
2317989353
1206882425
3524871778
436786907
3961658685
103478296
4065136981
4168615277
3938784962
3812432943
3456250609
2973716256
2134999569
813748529
2948748098
3762496627
2416277429
1883806760
5116893
1888923653
1894040546
3782964199
1382037449
870034352
2252071801
3122106153
1079210658
4201316811
985560173
891909688
1877469861
2769379549
351882114
3121261663
3473143777
2299438144
1477614625
3777052769
959700098
441785571
1401485669
1843271240
3244756909
793060853
4037817762
535911319
278761785
814673104
1093434889
1908107993
3001542882
614683579
3616226461
4230910040
3552169205
3488111949
2745313858
1938458511
388805073
2327263584
2716068657
748364945
3464433602
4212798547
3382264853
3300096104
2387393661
